Pearson: 0.24462167734631923
Kendall: 0.18425512552924095
Spearman: 0.2717816040292319
Gain CST: 1.463
Gain INPE: 1.43