Pearson: -0.19239010431180167
Kendall: -0.15635809300238307
Spearman: -0.22368706938053598
Gain CST: 3.529
Gain INPE: -0.46