Pearson: -0.38408071956282913
Kendall: -0.3114350713033699
Spearman: -0.44665993307302115
Gain CST: 2.378
Gain INPE: 0.92