Pearson: 0.5185172342160786
Kendall: 0.3814461721320426
Spearman: 0.5205662806723151
Gain CST: -0.1282
Gain INPE: -1.86