Pearson: -0.5338013624748238
Kendall: -0.3342748147268305
Spearman: -0.5070179667794532
Gain CST: 2.985
Gain INPE: 1.9