Pearson: 0.5240889501499512
Kendall: 0.3622237362231335
Spearman: 0.5050982637900884
Gain CST: -2.746
Gain INPE: -3.38