Pearson: 0.12942526717873662
Kendall: 0.15190794339913793
Spearman: 0.23228369696197274
Gain CST: -1.531
Gain INPE: 1.94