Pearson: 0.47754671662642606
Kendall: 0.27919610590446065
Spearman: 0.43220727295641803
Gain CST: 3.011
Gain INPE: 1.66