Pearson: -0.8499685516305502
Kendall: -0.46673481862659916
Spearman: -0.6384115748553147
Gain CST: 2.777
Gain INPE: 2.05