Pearson: 0.22983452719360284
Kendall: 0.30704585049100946
Spearman: 0.4819042603572231
Gain CST: -0.413
Gain INPE: -0.19