Pearson: 0.5689159461271197
Kendall: 0.3860567049531031
Spearman: 0.539996305263071
Gain CST: -4.938
Gain INPE: -2.26