Pearson: -0.12297119718475197
Kendall: -0.16113406706008568
Spearman: -0.20867568757310154
Gain CST: 1.8
Gain INPE: 1.58