Pearson: -0.5638665358564886
Kendall: -0.38964818221800945
Spearman: -0.5351930432467704
Gain CST: 2.718
Gain INPE: 1.8