Pearson: 0.8488846217144267
Kendall: 0.38180650463345134
Spearman: 0.526791210293458
Gain CST: 1.34
Gain INPE: 1.64