Pearson: 0.48709632011339005
Kendall: 0.04478836185694211
Spearman: 0.07540289367131019
Gain CST: 3.884
Gain INPE: 1.72