Pearson: -0.07708078359540962
Kendall: -0.19267077287274204
Spearman: -0.2786429109902906
Gain CST: 3.414
Gain INPE: 2.83