Pearson: -0.17568348678516377
Kendall: -0.4169433033895061
Spearman: -0.5285091420833175
Gain CST: 5.809
Gain INPE: 2.94