Pearson: 0.5074201903927965
Kendall: 0.11994119014049558
Spearman: 0.2285793284023098
Gain CST: 5.326
Gain INPE: 2.41