Pearson: 0.16769907179817775
Kendall: 0.18730070924970046
Spearman: 0.27004487764579677
Gain CST: -34.89
Gain INPE: 1.67