Pearson: 0.17918230709017344
Kendall: -0.012009409434195864
Spearman: -0.043214218841307335
Gain CST: 4.515
Gain INPE: 2.98