Pearson: -0.13727374827745506
Kendall: -0.1027022008106439
Spearman: -0.14204030023917855
Gain CST: 0.1083
Gain INPE: 0.46