Pearson: 0.6933256447772245
Kendall: 0.5351606937113219
Spearman: 0.7257163628198595
Gain CST: 2.43
Gain INPE: -0.06