Pearson: 0.7502788884866665
Kendall: 0.41832320966935016
Spearman: 0.6097088614716888
Gain CST: 2.92
Gain INPE: 1.22