Pearson: -0.4831765169919713
Kendall: -0.3326265622142568
Spearman: -0.47395138782402263
Gain CST: -3.339
Gain INPE: -2.49