Pearson: 0.02397605061652988
Kendall: -0.035288108840183276
Spearman: -0.02866197170872401
Gain CST: 1.006
Gain INPE: -0.7