Pearson: 0.29996851202142605
Kendall: 0.20113746276765726
Spearman: 0.32282152473576403
Gain CST: 2.164
Gain INPE: 0.27