Pearson: -0.48420755017756084
Kendall: -0.3298097915869074
Spearman: -0.4682216570168158
Gain CST: -3.339
Gain INPE: -2.49