Pearson: 0.8477324037619817
Kendall: 0.37824704226606887
Spearman: 0.5250476260962361
Gain CST: 1.34
Gain INPE: 1.29