Pearson: 0.4000200582857323
Kendall: 0.1066625396707478
Spearman: 0.20662724161146065
Gain CST: 5.326
Gain INPE: 1.84