Pearson: 0.1724641495479471
Kendall: 0.18414291216813528
Spearman: 0.2675410583230484
Gain CST: -34.89
Gain INPE: 1.67