Pearson: -0.24549899948283588
Kendall: -0.4201313929369705
Spearman: -0.5327073507747349
Gain CST: 5.809
Gain INPE: 2.44