Pearson: -0.1250252756207307
Kendall: -0.08567802647494345
Spearman: -0.126352281282227
Gain CST: 0.1083
Gain INPE: -0.7