Pearson: 0.19731943046784797
Kendall: 0.006855940138407393
Spearman: 0.062007973188563735
Gain CST: 3.143
Gain INPE: 3.6