Pearson: -0.040820552675271765
Kendall: 0.005819442512577391
Spearman: 0.012397679454717793
Gain CST: -3.338
Gain INPE: -5.44