Pearson: 0.078945351963682
Kendall: 0.06842435195000203
Spearman: 0.0755801459658239
Gain CST: 1.463
Gain INPE: 1.43