Pearson: 0.06692181230410978
Kendall: -0.021744008791111488
Spearman: -0.011110946072019267
Gain CST: 3.143
Gain INPE: 3.6