Pearson: -0.14861294627090046
Kendall: -0.14503385571716396
Spearman: -0.25769927000391285
Gain CST: 2.652
Gain INPE: 1.57