Pearson: -0.17028298347525314
Kendall: -0.14332696221865482
Spearman: -0.2034859604334377
Gain CST: 3.529
Gain INPE: -0.46