Pearson: 0.22528764896526465
Kendall: 0.3031381812871024
Spearman: 0.45559905590686905
Gain CST: 0.01507
Gain INPE: -0.43