Pearson: -0.500244420596195
Kendall: -0.3081506475311784
Spearman: -0.4533421674269739
Gain CST: 2.985
Gain INPE: 1.9