Pearson: 0.32512318570055077
Kendall: 0.2342590514876722
Spearman: 0.37100566600563245
Gain CST: -0.5274
Gain INPE: -1.36