Pearson: 0.0013493828879964436
Kendall: 0.04175759547588777
Spearman: 0.06585867338586426
Gain CST: -3.338
Gain INPE: -5.44