Pearson: -0.3846485980782455
Kendall: -0.31183744219652676
Spearman: -0.43995746107511263
Gain CST: 2.378
Gain INPE: 0.92