Pearson: -0.03440784377685511
Kendall: -0.05409170053692114
Spearman: -0.10961425588598615
Gain CST: 2.652
Gain INPE: 1.57