Pearson: 0.21754384531137233
Kendall: 0.3005688201385878
Spearman: 0.4562731234489127
Gain CST: 0.01507
Gain INPE: -0.43