Pearson: 0.5067677145379309
Kendall: 0.3748529696112177
Spearman: 0.5140675741507034
Gain CST: -0.1282
Gain INPE: -1.86