Pearson: 0.020690950802011943
Kendall: 0.11371040857396501
Spearman: 0.1799855219909921
Gain CST: -1.531
Gain INPE: 1.94