Pearson: 0.21171892188652108
Kendall: 0.11324609412775483
Spearman: 0.13081096853940544
Gain CST: -0.436
Gain INPE: -2.31