Pearson: 0.31787786156882025
Kendall: 0.18572976375070205
Spearman: 0.2919108255804747
Gain CST: 0.01192
Gain INPE: -0.69