Pearson: 0.32484452003530323
Kendall: 0.2380042249341951
Spearman: 0.37334120462532144
Gain CST: -0.5274
Gain INPE: -1.36