Pearson: 0.33219172921388734
Kendall: 0.3488408091619578
Spearman: 0.5389817184008455
Gain CST: 3.376
Gain INPE: 2.11