Pearson: 0.6167095067371478
Kendall: 0.2726428527208568
Spearman: 0.39119593638421735
Gain CST: 3.29
Gain INPE: 1.35