Pearson: 0.03290825088235937
Kendall: 0.13359747415340803
Spearman: 0.19826433667372606
Gain CST: 3.29
Gain INPE: 1.35