Pearson: 0.4641019761686571
Kendall: 0.07790640089142008
Spearman: 0.12431590229137689
Gain CST: 1.014
Gain INPE: -0.23