Pearson: -0.41975915558595006
Kendall: -0.30402080102828305
Spearman: -0.462270285619161
Gain CST: 3.376
Gain INPE: 2.11