Pearson: -0.23514286199078327
Kendall: -0.14463909867525068
Spearman: -0.218262213063482
Gain CST: 1.014
Gain INPE: -0.23