Pearson: -0.47963597533427854
Kendall: -0.3669540185411604
Spearman: -0.5130130365063588
Gain CST: 3.771
Gain INPE: 5.43