Pearson: -0.738034296282329
Kendall: -0.7008187206908826
Spearman: -0.8740464246571087
Gain CST: 2.867
Gain INPE: 2.65