Pearson: 0.3784377306619075
Kendall: 0.21761369357944207
Spearman: 0.30844241293442537
Gain CST: 2.925
Gain INPE: 1.14