Pearson: -0.416573983678359
Kendall: -0.2770740314453276
Spearman: -0.3759707595273667
Gain CST: 2.925
Gain INPE: 1.14