Pearson: 0.47181694643335254
Kendall: 0.07898972390739135
Spearman: 0.12942879159499257
Gain CST: 1.014
Gain INPE: 0.08