Pearson: 0.3853659970999941
Kendall: 0.22142088855992306
Spearman: 0.31521356050517724
Gain CST: 2.925
Gain INPE: 1.62