Pearson: 0.3450980759083607
Kendall: -0.020861706081487998
Spearman: -0.016986250915645536
Gain CST: 0.7922
Gain INPE: 0.56