Pearson: 0.3081366999100041
Kendall: 0.20977202730100752
Spearman: 0.33310999464630153
Gain CST: 3.771
Gain INPE: 5.43