Pearson: 0.1954787895388301
Kendall: 0.29036177252892403
Spearman: 0.40957409288214924
Gain CST: 4.017
Gain INPE: 5.49