Pearson: 0.7060569120127144
Kendall: 0.49765141972907706
Spearman: 0.6735024804417499
Gain CST: 2.575
Gain INPE: 2.13