Pearson: 0.35375312035233375
Kendall: -0.017364120343790455
Spearman: -0.0141755281936478
Gain CST: 0.7922
Gain INPE: 0.56