Pearson: 0.20007621311074275
Kendall: 0.2897736510345421
Spearman: 0.4134889931208027
Gain CST: 4.017
Gain INPE: 4.99