Pearson: 0.22094994621631878
Kendall: 0.1122322644680645
Spearman: 0.17051619252010447
Gain CST: 3.468
Gain INPE: 2.2