Pearson: 0.15713177102442635
Kendall: 0.07326358804479134
Spearman: 0.11970366011243781
Gain CST: 2.366
Gain INPE: 1.29