Pearson: 0.42373535607996027
Kendall: 0.04460264646569011
Spearman: 0.07398660096824614
Gain CST: 3.884
Gain INPE: 1.19