Pearson: -0.21824760867572296
Kendall: -0.4199766313084528
Spearman: -0.5304799017430395
Gain CST: 5.809
Gain INPE: 2.44