Pearson: -0.7907169448478584
Kendall: -0.6525621798437522
Spearman: -0.8454492756980136
Gain CST: 2.126
Gain INPE: -1.56