Pearson: 0.6985086983160665
Kendall: 0.5381942563676373
Spearman: 0.7305631782588607
Gain CST: 2.43
Gain INPE: -0.54