Pearson: -0.06168442677739245
Kendall: -0.05009478856496934
Spearman: -0.08450132218783926
Gain CST: 2.164
Gain INPE: -0.26