Pearson: 0.32148911030950644
Kendall: 0.13775545740350004
Spearman: 0.21564211992784033
Gain CST: 2.925
Gain INPE: 1.14