Pearson: 0.4482130262136183
Kendall: 0.14862219206803592
Spearman: 0.2167235612290264
Gain CST: 2.538
Gain INPE: 1.91