Pearson: 0.2240690937786377
Kendall: 0.162467500328977
Spearman: 0.22323421900591958
Gain CST: 3.468
Gain INPE: 2.2