Pearson: 0.6884897896274089
Kendall: 0.5029444312528633
Spearman: 0.6795811075287742
Gain CST: 2.575
Gain INPE: 1.82