Pearson: 0.44935789942630117
Kendall: 0.14639355563590042
Spearman: 0.21584090193159275
Gain CST: 2.538
Gain INPE: 1.91