Pearson: 0.1479233106042249
Kendall: 0.08217778887153401
Spearman: 0.12777934386292195
Gain CST: 2.366
Gain INPE: 1.29