Pearson: 0.6155838707260903
Kendall: 0.548580803973148
Spearman: 0.7252367834679841
Gain CST: 3.376
Gain INPE: 2.11