Pearson: 0.2972063304000575
Kendall: 0.20156934363053872
Spearman: 0.3273068968058238
Gain CST: 3.771
Gain INPE: 5.43