Pearson: 0.6461530983640592
Kendall: 0.46378404350145835
Spearman: 0.6586505785485545
Gain CST: -0.9593
Gain INPE: -1.86