Pearson: -0.399636143630106
Kendall: -0.14151264681987225
Spearman: -0.22393751017164676
Gain CST: 3.731
Gain INPE: 2.8