Pearson: 0.12161724156212575
Kendall: 0.060144557781281194
Spearman: 0.11099655533191832
Gain CST: 1.667
Gain INPE: 1.04