Pearson: -0.3286565668485679
Kendall: -0.26844650842248213
Spearman: -0.3886216862093782
Gain CST: 4.017
Gain INPE: 5.49