Pearson: 0.4355712069133832
Kendall: 0.3929734964171372
Spearman: 0.5562476911933634
Gain CST: 4.017
Gain INPE: 4.99