Pearson: 0.4592794530065871
Kendall: 0.14769359355464612
Spearman: 0.21396279945039218
Gain CST: 2.538
Gain INPE: 2.4