Pearson: 0.3552233555936293
Kendall: -0.013495109572001137
Spearman: -0.011394255302512873
Gain CST: 0.7922
Gain INPE: 0.88