Pearson: 0.15880805545185667
Kendall: 0.0861087038194379
Spearman: 0.13518925567289625
Gain CST: 2.366
Gain INPE: 1.78