Pearson: 0.6977630408396976
Kendall: 0.5017991597535645
Spearman: 0.6771290546659251
Gain CST: 2.575
Gain INPE: 2.13