Pearson: 0.20428058266503635
Kendall: 0.1083942057824495
Spearman: 0.17049883126610235
Gain CST: 3.468
Gain INPE: 2.69