Pearson: 0.19874254999092733
Kendall: 0.10650612852581633
Spearman: 0.16961687956279617
Gain CST: 3.468
Gain INPE: 2.69