Pearson: 0.42750065908906615
Kendall: 0.042962160509630726
Spearman: 0.0738829478384296
Gain CST: 3.884
Gain INPE: 1.19