Pearson: 0.4051771295085779
Kendall: 0.10440300241132686
Spearman: 0.20850142137247976
Gain CST: 5.326
Gain INPE: 1.84