Pearson: 0.178558042402365
Kendall: -0.010895134332053979
Spearman: -0.042577575226956606
Gain CST: 4.515
Gain INPE: 2.5