Pearson: -0.09155332405816471
Kendall: -0.18932805103013062
Spearman: -0.2776553773962727
Gain CST: 3.414
Gain INPE: 1.67