Pearson: -0.3686586813095008
Kendall: -0.2871867898961357
Spearman: -0.4409765645471919
Gain CST: -3.339
Gain INPE: -2.99