Pearson: 0.20815579549395868
Kendall: 0.09831143304949305
Spearman: 0.138487220275441
Gain CST: 1.006
Gain INPE: -0.7