Pearson: 0.36424216880485416
Kendall: 0.23382210702135367
Spearman: 0.35856949724711723
Gain CST: 2.164
Gain INPE: -0.26