Pearson: -0.5606549257545714
Kendall: -0.46034079966968433
Spearman: -0.6852441170240782
Gain CST: 2.126
Gain INPE: -1.56