Pearson: -0.3809660311316829
Kendall: -0.2942751467495756
Spearman: -0.44908523833004893
Gain CST: -3.339
Gain INPE: -2.99