Pearson: 0.7505497292983973
Kendall: 0.41525902427056605
Spearman: 0.6047947273238771
Gain CST: 2.92
Gain INPE: 1.22