Pearson: 0.4938692576009813
Kendall: 0.4088035232470589
Spearman: 0.5651859928532598
Gain CST: 1.022
Gain INPE: 0.25