Pearson: 0.35947757996096924
Kendall: 0.028354305025070168
Spearman: 0.06605562729402283
Gain CST: -0.3908
Gain INPE: -0.95