Pearson: -0.36900889962873873
Kendall: -0.3239106390432706
Spearman: -0.4376976732119496
Gain CST: 1.523
Gain INPE: 0.64