Pearson: -0.5216478819525685
Kendall: -0.4304056093556027
Spearman: -0.5693485251788661
Gain CST: -1.214
Gain INPE: -1.85