Pearson: -0.09785151736888859
Kendall: -0.11635609485699903
Spearman: -0.1677272362803097
Gain CST: -1.446
Gain INPE: -1.78