Pearson: 0.45580249212636437
Kendall: 0.2861652983456793
Spearman: 0.4092408676434031
Gain CST: 1.213
Gain INPE: 0.21