Pearson: -0.6219208610645202
Kendall: -0.5001315668478716
Spearman: -0.7459430882005099
Gain CST: 1.057
Gain INPE: 1.36