Pearson: -0.09631645700136222
Kendall: -0.09615488783765277
Spearman: -0.13582959064277125
Gain CST: 3.529
Gain INPE: 0.35