Pearson: 0.5310561395947512
Kendall: 0.386460720528163
Spearman: 0.5249859438072304
Gain CST: -0.1282
Gain INPE: -1.25