Pearson: 0.23966039261758104
Kendall: 0.307441087306904
Spearman: 0.453687772531909
Gain CST: 0.01507
Gain INPE: -0.09