Pearson: 0.0504558163118835
Kendall: -0.026541619271712596
Spearman: -0.018576414374836352
Gain CST: 3.143
Gain INPE: 4.01