Pearson: -0.3707384196332429
Kendall: -0.2977854125432043
Spearman: -0.3946245963669749
Gain CST: 2.378
Gain INPE: 1.49