Pearson: -0.36615418507693115
Kendall: -0.3051828466558564
Spearman: -0.4539274173646249
Gain CST: 2.378
Gain INPE: 1.49