Pearson: -0.12180540930285975
Kendall: -0.13503579032464574
Spearman: -0.23308710775763725
Gain CST: 2.652
Gain INPE: 2.13