Pearson: 0.3415157200285902
Kendall: 0.21742124690165204
Spearman: 0.3710728604843939
Gain CST: -0.5274
Gain INPE: -0.75