Pearson: 0.21202561499153671
Kendall: 0.11333895685356685
Spearman: 0.13204374704739247
Gain CST: -0.436
Gain INPE: -2.31