Pearson: 0.19553297323833047
Kendall: 0.09628316954609305
Spearman: 0.11658733318155194
Gain CST: -0.436
Gain INPE: -1.74