Pearson: 0.17884057788353697
Kendall: 0.011081532863432044
Spearman: 0.05315916170301516
Gain CST: -2.746
Gain INPE: -3.38