Pearson: -0.48097074320377786
Kendall: -0.2986171836730494
Spearman: -0.43461502922898526
Gain CST: 2.985
Gain INPE: 2.46