Pearson: 0.3949948249918832
Kendall: 0.33616566854569396
Spearman: 0.4882652636706943
Gain CST: -3.338
Gain INPE: -4.62