Pearson: 0.3031493483363433
Kendall: 0.17405974359503293
Spearman: 0.2609697014357586
Gain CST: 0.01192
Gain INPE: -0.28