Pearson: 0.2973830473427212
Kendall: 0.16830212091876118
Spearman: 0.2506386535526701
Gain CST: 0.01192
Gain INPE: -0.69