Pearson: 0.004650656122501575
Kendall: 0.03425086877750611
Spearman: 0.006271403385654339
Gain CST: 1.463
Gain INPE: 1.92