Pearson: -0.12192989594627467
Kendall: -0.11324083603864565
Spearman: -0.1591884550982268
Gain CST: 3.529
Gain INPE: 0.35