Pearson: 0.09894239847265447
Kendall: -0.008341651771109671
Spearman: 0.004136801289053911
Gain CST: 3.143
Gain INPE: 4.01