Pearson: 0.20177816796616765
Kendall: 0.10272165186905957
Spearman: 0.12153735170345153
Gain CST: -0.436
Gain INPE: -1.74