Pearson: 0.02292118185371457
Kendall: 0.076379592529266
Spearman: 0.13093969069435954
Gain CST: -1.531
Gain INPE: 2.43