Pearson: 0.1928351579037163
Kendall: 0.017086609331325383
Spearman: 0.058095804984917315
Gain CST: -2.746
Gain INPE: -3.03