Pearson: -0.08260940495252103
Kendall: -0.06885984305675182
Spearman: -0.12239514260005092
Gain CST: 2.661
Gain INPE: 1.81