Pearson: -0.28353047441958035
Kendall: -0.11793113668866409
Spearman: -0.15924189083622273
Gain CST: 3.525
Gain INPE: 2.58