Pearson: 0.5415689167047847
Kendall: 0.4020924907516618
Spearman: 0.5797793756427073
Gain CST: -0.8964
Gain INPE: -1.61