Pearson: 0.6179612635857556
Kendall: 0.26936172847149137
Spearman: 0.3894234157397467
Gain CST: 3.29
Gain INPE: 1.83