Pearson: 0.3342566188806715
Kendall: 0.35051227355368325
Spearman: 0.5396424750804134
Gain CST: 3.376
Gain INPE: 2.61