Pearson: 0.3526581417472393
Kendall: 0.3537932962485517
Spearman: 0.5427768897458687
Gain CST: 3.376
Gain INPE: 2.61