Pearson: 0.7710381499015826
Kendall: 0.6902016622042003
Spearman: 0.8752520678388108
Gain CST: 2.867
Gain INPE: 2.97