Pearson: 0.30813669991000425
Kendall: 0.20977202730100752
Spearman: 0.33310999464630153
Gain CST: 3.771
Gain INPE: 5.93