Pearson: 0.389527959352854
Kendall: 0.22504236671208785
Spearman: 0.321990559462666
Gain CST: 2.925
Gain INPE: 1.62