Pearson: 0.7577511336401381
Kendall: 0.6881896831906892
Spearman: 0.8722420108456463
Gain CST: 2.867
Gain INPE: 2.97