Pearson: 0.1791823070901736
Kendall: -0.012009409434195864
Spearman: -0.043214218841307335
Gain CST: 4.515
Gain INPE: 2.98