Pearson: 0.4870865602296094
Kendall: 0.045778843943619474
Spearman: 0.07490288949174849
Gain CST: 3.884
Gain INPE: 1.72