Pearson: -0.19324727791301144
Kendall: -0.4169433033895061
Spearman: -0.52905775774506
Gain CST: 5.809
Gain INPE: 2.94