Pearson: -0.5605974325000841
Kendall: -0.45987649681902226
Spearman: -0.6851712640254185
Gain CST: 2.126
Gain INPE: -0.99