Pearson: -0.13438189464358263
Kendall: -0.0968520754480123
Spearman: -0.13679102729010242
Gain CST: 0.1083
Gain INPE: 0.46